(for/list ([i 15])(define-values (a b c d)(time-apply (λ (x)(do-seq (match initial-state
    [(hash-table ('stx stx))
     stx]) x)) (list (make-list i '([⋱→
           (▹ (⊙ expr))
           (pair (▹ (⊙ expr)) (⊙ expr))])))))`(,b ,c ,d))
'((0 0 0)
  (0 0 0)
  (0 2 0)
  (0 1 0)
  (15 13 15)
  (0 4 0)
  (16 17 0)
  (31 21 0)
  (63 67 16)
  (125 118 31)
  (203 202 47)
  (390 414 16)
  (828 821 155)
  (1594 1597 344)
  (3328 3588 1205))



  (define/memo* (runtime-match
  '((0 1 0)
    (0 0 0)
    (15 1 0)
    (0 0 0)
    (0 2 0)
    (0 2 0)
    (0 7 0)
    (47 40 31)
    (31 32 31)
    (47 51 47)
    (110 111 78)
    (218 216 0)
    (422 424 218)
    (922 926 328)
    (1891 1906 565))


(define/memo* (runtime-match-rewriter pat-tem)
    '((0 1 0)
    (0 0 0)
    (0 1 0)
    (0 0 0)
    (0 1 0)
    (0 2 0)
    (31 36 31)
    (31 22 15)
    (16 23 16)
    (62 58 62)
    (94 94 94)
    (203 199 125)
    (391 434 141)
    (781 781 375)
    (1734 1748 767))


(define/memo* (destructure types c-env arg pat)
'((0 0 0)
  (0 1 0)
  (0 0 0)
  (0 0 0)
  (0 0 0)
  (0 0 0)
  (0 0 0)
  (0 1 0)
  (0 0 0)
  (0 0 0)
  (0 0 0)
  (0 0 0)
  (0 0 0)
  (0 1 0)
  (0 0 0))

and furthermore:

(for/list ([i 60])(define-values (a b c d)(time-apply (λ (x)(do-seq (match initial-state
    [(hash-table ('stx stx))
     stx]) x)) (list (make-list i '([⋱→
           (▹ (⊙ expr))
           (pair (▹ (⊙ expr)) (⊙ expr))])))))b)

'((0 0 0)
  (0 0 0)
  (0 0 0)
  (0 0 0)
  (0 0 0)
  (0 0 0)
  (0 0 0)
  (0 0 0)
  (0 0 0)
  (0 0 0)
  (0 0 0)
  (0 1 0)
  (0 0 0)
  (0 0 0)
  (0 0 0)
  (0 0 0)
  (0 0 0)
  (0 0 0)
  (0 0 0)
  (0 0 0)
  (0 0 0)
  (0 0 0)
  (0 0 0)
  (0 0 0)
  (0 0 0)
  (0 0 0)
  (0 0 0)
  (0 0 0)
  (0 1 0)
  (0 0 0)
  (0 0 0)
  (0 0 0)
  (0 0 0)
  (0 0 0)
  (0 0 0)
  (0 0 0)
  (16 1 0)
  (0 0 0)
  (0 0 0)
  (0 0 0))



  with JUST destructure:

  '(0
    0
    0
    0
    16
    0
    0
    0
    0
    0
    0
    16
    0
    15
    0
    0
    16
    0
    0
    15
    16
    0
    16
    15
    16
    16
    15
    16
    15
    32
    0
    31
    16
    31
    31
    16
    47
    31
    31
    47)
